Test Suite №1
Length = 4.000000
Result = 201.061932
Test Suite №2
Length = 8.000000
Result = 804.247721
Test Suite №3
Length = 12.000000
Result = 1809.557375
Test Suite №4
Length = 16.500000
Result = 3421.194433
